throughput_results.txt

plaintext inspection:
10000:
3106.30479578
3104.41414672
3125.48425531
3150.79990629
3098.80636146

20000:
2926.43573401
2825.06980262
2845.46587665
2864.43899851
2900.74015129

30000:
2694.96995502
2665.76689578
2730.13743768
2734.66739812
2738.0877862

40000:
2491.33445419
2569.56291781
2543.27479798
2465.58218731
2547.59684459

50000:
2436.04403694
2475.10329337
2421.14431397
2411.04623536
2425.64882711

60000:
2169.85123101
2169.42316723
2205.07329772
2170.33339086
2177.63236834

70000:
2064.379794
2064.91537125
2097.61976216
2035.16968787
2111.64868064

80000:
2057.23166924
2063.66926795
2061.32241813
2030.08969894
2072.76560499

90000:
1919.5652774
1915.24630287
1963.58737866
1969.13289065
1969.47733632

no inspection
chacha20
mb.py				simple_mb.py
547.945531898		641.747643383
582.649820893		587.651984955
641.29253143		644.446566531
616.065085167		634.535117763
606.994483831		579.171315804
583.688493003		647.643249127
599.313809219		644.672934445
589.335152535		595.120711717
638.436030648		636.856228537
624.425751113		644.910406908

aes128gcm
565.544622086		575.014890914
522.517413419		522.849772313
548.485828259		577.038007167
571.943560594		563.1916551
577.214587784		574.510386568
519.851853801		564.656679868
527.316959564		563.703833679
572.368914113		572.704885137
535.614832422		573.429211035
522.313647609		570.63094779

aes256gcm
537.993299382		559.690385095
532.450927263		563.574986478
572.632453878		520.796608694
567.489906258		569.751048341
557.643858851		568.132755178
543.803709261		574.587573897
566.998414252		479.150411137
524.834421788		520.638923724
572.857795177		576.644680071
574.787678565		533.422502057

with inspection
chacha20 10000
581.746782167
595.657803869
610.162203387
641.981692164
627.525170088

20000:
645.306703846
490.858393544
638.059602066
630.479886622
632.656380876

30000:
649.815989148
585.723779081
592.165970333
626.318319346
599.988406345

40000:
531.501426904
617.352402915
581.258423678
542.01679403
599.327471318

50000:
549.453820338
628.576224696
585.014624487
590.168191548
569.362288682

60000:
586.665145609
598.389651421
538.227159803
511.996438952
576.985275398

70000:
561.431055
504.92218023
587.541563348
613.772413721
586.918336857

80000:
570.17662953
603.180176355
553.576319895
612.012587061
585.271899229

90000:
603.239339188
619.279982585
557.165797229
585.019477381
531.476888975

aes128gcm
10000:
473.286534787
513.406828004
551.715995056
526.502344508
463.855031978

20000:
526.253174788
510.226905358
461.557339045
550.831945504
532.853277409

30000:
545.132554191
520.599006033
516.154640596
520.607707819
532.101702536

40000:
525.985867277
494.080093923
516.242885374
534.118635493
514.82938353

50000:
521.014094013
465.986873113
542.865788346
530.09992246
529.747050216

60000:
535.187056431
537.02294982
526.268419748
546.534848615
524.693159338

70000:
552.151962682
482.640635388
531.421512025
530.732347986
444.598640291

80000:
538.533906321
453.781414
561.054188054
521.66444681
519.894303158

90000:
571.692227413
520.055068978
521.057072293
542.199799045
542.199799045

aes256gcm
10000:
438.349240606
520.32092694
445.688289329
532.126866984
569.386833478

20000:
528.152243516
556.956468497
523.728428888
531.845836643
521.46645566

30000:
494.326733537
571.509545288
574.427953771
529.399016832
524.910782427

40000:
517.953721244
532.105282711
527.7964274
440.989757279
571.392250283

50000:
558.643710796
570.859567863
453.801924643
567.911919419
524.740682983

60000:
569.19615489
529.967412402
525.274869001
535.280860574
453.444436278

70000:
537.661457631
526.483186914
520.61447035
548.043677652
533.936494939

80000:
532.922173532
568.459097122
521.788547848
570.450417295
559.877996391

90000:
551.824984288
518.279353563
556.285734967
544.971855402
575.187636282
